FeatureLevel=50502
PreprocessorDefinitions=KeepUIOccludeAssist=0
Techniques=FFKeepUI@KeepUI.fx,DPX@DPX.fx,qMXAO@qUINT_mxao.fx,FilmicPass@FilmicPass.fx,Mode1@FineSharp.fx,FilmicGrade@FilmicGrade.fx,Blooming_HDR@BloomingHDR.fx,ADOF@qUINT_dof.fx,FFRestoreUI@KeepUI.fx

[ArtisticVignette.fx]
VignetteDepth=1.00000000e+00
VignetteShape=3

[BloomingHDR.fx]
Auto_Exposure=0
CBT_Adjust=1.000000
Debug_View=0
Exposure=0.100000
HDR_Adjust=1.125000
Luma_Coefficient=0
Saturation=1.000000
Spread=37.500000

[Chromakey.fx]
Color=3
CustomColor=9.99989986e-01,1.00000000e+00,9.99989986e-01
Threshold=8.90000015e-02

[CinematicDOF.fx]
ShowOutOfFocusPlaneOnMouseDown=0
UseMouseDrivenAutoFocus=1

[DPX.fx]
Colorfulness=2.500000
Contrast=0.100000
RGB_C=0.360000,0.360000,0.340000
RGB_Curve=8.000000,8.000000,8.000000
Saturation=3.000000
Strength=0.200000

[FakeHDR.fx]
fradius1=8.96000028e-01
fradius2=9.50000107e-01

[FilmicGrade.fx]
Coefficients=0
LightControl=-0.217000,0.000000

[FilmicPass.fx]
BaseCurve=1.660000
BaseGamma=1.000000
Bleach=0.000000
BlueCurve=1.000000
Contrast=1.108000
EffectGamma=0.650000
EffectGammaB=1.000000
EffectGammaG=1.000000
EffectGammaR=1.000000
Fade=0.345000
GreenCurve=1.000000
Linearization=0.500000
LumCoeff=0.212656,0.715158,0.072186
RedCurve=1.000000
Saturation=-0.205000
Strength=0.780000

[FineSharp.fx]
cstr=0.900000
lstr=1.490000
pstr=1.272000
sstr=2.255000
xrep=0.250000
xstr=0.190000

[KeepUI.fx]
bKeepUIOcclude=0

[qUINT_bloom.fx]
BLOOM_ADAPT_EXPOSURE=4.44000006e-01
BLOOM_CURVE=3.78399992e+00
BLOOM_INTENSITY=1.00399995e+00
BLOOM_LAYER_MULT_5=4.02000010e-01
BLOOM_SAT=3.33999991e+00

[qUINT_dof.fx]
bADOF_AutofocusEnable=1
fADOF_AutofocusCenter=0.500000,0.500000
fADOF_AutofocusRadius=0.600000
fADOF_AutofocusSpeed=0.100000
fADOF_BokehIntensity=0.300000
fADOF_FarBlurCurve=0.632000
fADOF_HyperFocus=0.100000
fADOF_ManualfocusDepth=0.001000
fADOF_NearBlurCurve=6.000000
fADOF_RenderResolutionMult=0.500000
fADOF_ShapeAnamorphRatio=1.000000
fADOF_ShapeChromaAmount=-0.100000
fADOF_ShapeCurvatureAmount=1.000000
fADOF_ShapeRadius=20.500000
fADOF_ShapeRotation=0.000000
fADOF_SmootheningAmount=4.000000
iADOF_BokehMode=2
iADOF_ShapeChromaMode=2
iADOF_ShapeQuality=5
iADOF_ShapeVertices=6

[qUINT_mxao.fx]
qMXAO_AMOUNT_COARSE=1.000000
qMXAO_AMOUNT_FINE=1.000000
qMXAO_BLEND_TYPE=0
qMXAO_DEBUG_VIEW_ENABLE=0
qMXAO_FADE_DEPTH_END=0.400000
qMXAO_FADE_DEPTH_START=0.050000
qMXAO_GLOBAL_RENDER_SCALE=1.000000
qMXAO_GLOBAL_SAMPLE_QUALITY_PRESET=2
qMXAO_SAMPLE_NORMAL_BIAS=0.200000
qMXAO_SAMPLE_RADIUS=2.500000
qMXAO_SAMPLE_RADIUS_SECONDARY=0.200000
qMXAO_SSAO_AMOUNT=1.000000

